A(x)=0, is a zero polynomial, degree = -1
A(x)=3.000000, degree = 0
A(x)=-12.000000x+3.000000, degree = 1
A(x)=5.000000x^6-12.000000x+3.000000, degree = 6
A(x)=5.000000x^6-1.000000x^4-12.000000x+3.000000, degree = 6
A(x)=5.000000x^6-1.000000x^4+3.000000x^3-12.000000x+3.000000, degree = 6
A(x)=-2.000000x^7+5.000000x^6-1.000000x^4+3.000000x^3-12.000000x+3.000000, degree = 7
A(x)=-2.000000x^7+5.000000x^6-1.000000x^4+3.000000x^3+3.000000, degree = 7
A(x)=5.000000x^6-1.000000x^4+3.000000x^3+3.000000, degree = 6
coef of x^0 is 3.000000
coef of x^4 is -1.000000
B(x)=-3.000000x^3, degree = 3
C(x)=5.000000x^6-1.000000x^4+3.000000, degree = 6
D(x)=1.000000x^50+1.000000, degree = 50
E(x)=1.000000x^50+1.000000, degree = 50
F(x)=1.000000x^100+2.000000x^50+1.000000, degree = 100
